[gd_scene load_steps=5 format=3 uid="uid://nsdmbtqblqp4"]

[ext_resource type="Script" uid="uid://1efsomh1bbc7" path="res://player/hand_object.gd" id="1_8cfa1"]
[ext_resource type="PackedScene" uid="uid://4qis744g7m1r" path="res://player/left_hand.blend" id="2_wcr6k"]
[ext_resource type="PackedScene" uid="uid://codx8dxt2bcvb" path="res://player/righthand.blend" id="3_adot4"]

[sub_resource type="BoxShape3D" id="BoxShape3D_adot4"]
size = Vector3(0.09447479, 0.18592834, 0.07473755)

[node name="HandObject" type="RigidBody3D" node_paths=PackedStringArray("attach_point", "local_object_point")]
mass = 0.4
linear_damp = 40.0
script = ExtResource("1_8cfa1")
attach_point = NodePath("AttachPoint")
local_object_point = NodePath("LocalObjectPoint")

[node name="Collision" type="CollisionShape3D" parent="."]
transform = Transform3D(0.0639164, -0.083973125, 0.99441594, -0.9489956, -0.31339246, 0.03453268, 0.30874267, -0.9459036, -0.099721044, 0.0065135513, -0.01025657, 0.05337418)
shape = SubResource("BoxShape3D_adot4")

[node name="AttachPoint" type="Marker3D" parent="."]
transform = Transform3D(-4.371139e-08, -1, 0, 0.9517512, -4.1602366e-08, -0.30687076, 0.30687076, -1.3413747e-08, 0.9517512, -0.013832049, -0.016780697, 0.030398108)
gizmo_extents = 0.05

[node name="LocalObjectPoint" type="Marker3D" parent="."]

[node name="left_hand" parent="." instance=ExtResource("2_wcr6k")]
transform = Transform3D(-0.84982353, 0.4938563, -0.1841355, -0.50561494, -0.66521025, 0.54940784, 0.14883968, 0.56000155, 0.81501234, 0.545638, -0.47133154, -0.7155285)

[node name="right_hand" parent="." instance=ExtResource("3_adot4")]
transform = Transform3D(-0.94034934, -0.3339042, 0.06522306, 0.3082623, -0.75511307, 0.57860196, -0.14394681, 0.5641936, 0.81299883, -0.4201362, -0.5810482, -0.710394)

[editable path="left_hand"]
