[gd_scene load_steps=5 format=3 uid="uid://nsdmbtqblqp4"]

[ext_resource type="Script" uid="uid://1efsomh1bbc7" path="res://player/hand/hand_object.gd" id="1_8cfa1"]
[ext_resource type="PackedScene" uid="uid://dfpthcj5hagsw" path="res://player/hand/left_hand_model.tscn" id="2_wcr6k"]
[ext_resource type="PackedScene" uid="uid://bkccb8pewih0m" path="res://player/hand/right_hand_model.tscn" id="3_adot4"]

[sub_resource type="ConvexPolygonShape3D" id="ConvexPolygonShape3D_ftqd0"]
points = PackedVector3Array(0.3185947, -0.21342996, 0.91321, 0.33606195, -0.18719539, 0.88986474, 0.27484205, -0.17262374, 0.95984566, 0.35355034, -0.11724585, 0.90153736, 0.35971794, -0.17831461, 0.99100137, 0.32150942, -0.09975147, 1.064808, 0.37382567, -0.17886534, 0.9365748, 0.29771668, -0.16766825, 1.015372, 0.33897668, -0.073516905, 1.0473082, 0.35940093, -0.12307731, 1.0706168, 0.37365907, -0.11346233, 0.95579165, 0.3693735, -0.084626146, 1.0502454, 0.34397623, -0.2041728, 0.9554111, 0.3791057, -0.14066797, 0.97754055, 0.3715634, -0.15166457, 0.9140048, 0.33606195, -0.08517982, 1.0093858, 0.35355034, -0.0705802, 1.0443854, 0.32733887, -0.120168574, 1.0735579, 0.3467593, -0.19040877, 0.89172995, 0.3712611, -0.11324458, 0.93092585, 0.34773144, -0.15512936, 0.886942, 0.33010656, -0.16196613, 1.0254941, 0.30108517, -0.12307731, 1.018154, 0.28414705, -0.17312427, 0.99106723, 0.3758174, -0.15678525, 0.98292744, 0.3185947, -0.21342996, 0.92486435, 0.35064617, -0.120168574, 0.89861465, 0.27484205, -0.1784552, 0.95692295, 0.30063632, -0.13532537, 1.0311577, 0.36015105, -0.18973306, 0.9148038, 0.37943012, -0.13245371, 0.96385473, 0.33314723, -0.07934836, 1.0560398)

[node name="HandObject" type="RigidBody3D" node_paths=PackedStringArray("attach_point", "local_object_point", "left_hand", "right_hand")]
mass = 0.4
continuous_cd = true
linear_damp = 40.0
script = ExtResource("1_8cfa1")
attach_point = NodePath("AttachPoint")
local_object_point = NodePath("LocalObjectPoint")
left_hand = NodePath("LeftHand")
right_hand = NodePath("RightHand")

[node name="LeftCollision" type="CollisionShape3D" parent="."]
transform = Transform3D(-0.8654102, 0.48644245, -0.120161176, -0.47137672, -0.7090605, 0.52444017, 0.16990831, 0.51049703, 0.842926, 0.48185033, -0.46482867, -0.7599929)
shape = SubResource("ConvexPolygonShape3D_ftqd0")

[node name="LocalObjectPoint" type="Marker3D" parent="."]

[node name="RightCollision" type="CollisionShape3D" parent="LocalObjectPoint"]
transform = Transform3D(0.8654102, -0.48644245, 0.120161176, -0.47137672, -0.7090605, 0.52444017, 0.16990831, 0.51049703, 0.842926, -0.48185033, -0.46482867, -0.7599929)
shape = SubResource("ConvexPolygonShape3D_ftqd0")

[node name="AttachPoint" type="Marker3D" parent="."]
transform = Transform3D(-4.371139e-08, -1, 0, 0.9517512, -4.1602366e-08, -0.30687076, 0.30687076, -1.3413747e-08, 0.9517512, -0.013832049, -0.016780697, 0.030398108)
gizmo_extents = 0.05

[node name="LeftHand" parent="." instance=ExtResource("2_wcr6k")]

[node name="RightHand" parent="." instance=ExtResource("3_adot4")]
transform = Transform3D(1, 0, 0, 0, 0.9745464, 0.224186, 0, -0.224186, 0.9745464, 0.000817813, 0.0042620227, -0.0049385875)

[editable path="LeftHand"]
[editable path="LeftHand/left_hand"]
[editable path="RightHand"]
[editable path="RightHand/right_hand"]
